# Number of parameters = 178 Objective function value = 277.448024981518  Maximum gradient component = 1.78660285768939e-005
# steepness:
0.599550000000
# log_Rzero:
3.00000000000
# log_mean_rec:
0.168121553043
# sigr:
0.799381858659
# log_fish_sel_coffs:
 -5.79086882968 -4.78913659360 -3.79441764629 -2.82881241252 -1.93696471392 -1.17449632926 -0.608163184350 -0.342438607824 -0.327319642582 -0.385438883911 -0.385821999205 -0.0391994228751 0.751106713435 1.95128649280
# a50:
7.50000000000
# delta:
3.00000000000
# log_srv1_sel_coffs:
 0.00000000000 0.00000000000 0.00000000000 0.00000000000 0.00000000000 0.00000000000 0.00000000000 0.00000000000 0.00000000000 0.00000000000
# a50_srv1:
10.6275229164
# delta_srv1:
15.5475685445
# log_srv2_sel_coffs:
 -13.1138926191 -11.7559682545 -10.3980813666 -9.04040214015 -7.68354229814 -6.32933075717 -4.98248639426 -3.65442816936 -2.36658217995 -1.15947584247 -0.0823841376683 0.795386350854 1.31751461471 1.42388971478 1.26238177997
# a50_srv2:
7.30000000000
# delta_srv2:
3.80000000000
# log_avg_F:
-3.84151949581
# log_F_devs:
 0.608899110304 -0.286869730886 -0.151089291140 0.598450011253 0.00230569497724 -0.215082378984 -0.110799082214 0.0893373023462 -1.64379038220 -0.450040390775 -0.268824155839 0.850237977679 1.19016673802 1.34185512687 -0.485973224182 0.627895273507 0.00502229215588 0.0365277578154 0.245047464117 0.0131022437414 -0.0144924651006 0.193206805056 -0.528129598810 -0.0181207871637 0.107451130871 -0.646720743313 -0.267799552802 -0.525911190504 -0.549093817930 -0.340755262995 -0.160803702131 -0.290183591930 -0.614005321887 -0.183581410626 0.0459906148701 0.115189788331 0.133134871366 0.407046751832 0.0995378577427 0.295446656977 0.0954618518143 0.464657778509 0.490128050413 -0.164083754517 -0.139948643380
# log_rec_dev:
 -0.0995260879567 -0.102684551811 -0.105934003856 -0.109279055288 -0.112717258434 -0.116251604217 -0.119885461542 -0.123700495551 -0.127574544685 -0.131417332087 -0.135393860030 -0.138960159184 -0.141600622350 -0.142689825677 -0.135656261748 -0.129163620414 -0.118206730832 -0.107647715479 -0.0941829643706 -0.0817565457258 -0.0738541974799 -0.0624342000330 -0.0391785838731 -0.00163491852419 0.0563956084323 0.141637322070 0.254361054476 0.407282243176 0.571667752300 0.722102253528 0.737961251121 0.606927822297 0.475228698708 0.364349370349 0.282361107480 0.229670738328 0.197742382085 0.176076109746 0.151567871932 0.140065201997 0.166225228140 0.263231809949 0.428742159665 0.392419081809 0.146745657588 0.0266683344888 0.0241374138449 -0.0575322469372 -0.101864669472 0.0475214530740 1.04959328222 -0.0910253911577 -0.253652197906 -0.118572007750 0.486123316263 0.606110006457 0.0348349002457 0.103020808132 0.00688686762482 -0.173753682845 -0.351852963888 -0.440784893252 -0.403965415020 -0.371175597741 0.842435988216 -0.236876542142 -0.285227253721 -0.168839205092 0.350175238509 0.248987321249 -0.174402999032 0.0138544445821 0.256032499027 -0.357248524571 0.0936796264655 0.191957587409 0.0831509771487 -0.141683953925 -0.190351323307 -0.211455979646 0.0181229017043 -0.410102122576 -0.139020071133 0.145452196984 0.597430347242 -0.426649167173 -0.484836846705 -0.278447691011 -0.185881929328 -0.187932246573 -0.121067369121 -0.0629128037116 -0.0202848656599
# log_q_srv1:
0.786392497874
# log_q_srv2:
0.508647701584
# cv_cpue:
0.00000000000
# logm:
-3.36937132334
# mF50:
0.0264959885857
# mF40:
0.0381280078295
# mF35:
0.0459616638869
