# Number of parameters = 174 Objective function value = 269.390645984898  Maximum gradient component = 6.19406432084604e-005
# steepness:
0.599550000000
# log_Rzero:
3.00000000000
# log_mean_rec:
0.464913141139
# sigr:
0.805320886699
# log_fish_sel_coffs:
 -5.97780013557 -4.98117847106 -3.99276064687 -3.03713711331 -2.16410053026 -1.43399266216 -0.885015170448 -0.577655226047 -0.527847635974 -0.576309317940 -0.536025866746 -0.112897683708 0.783525563286 2.05126291162
# a50:
7.50000000000
# delta:
3.00000000000
# log_srv1_sel_coffs:
 0.00000000000 0.00000000000 0.00000000000 0.00000000000 0.00000000000 0.00000000000 0.00000000000 0.00000000000 0.00000000000 0.00000000000
# a50_srv1:
11.6238206154
# delta_srv1:
15.5881136859
# log_srv2_sel_coffs:
 -12.4828591326 -11.0906536476 -9.69853528638 -8.30690643477 -6.91722675475 -5.53401751402 -4.16967450364 -2.84931536203 -1.62291702138 -0.568932335149 0.259840786517 0.859846866741 1.17915890770 1.32965943935 1.24329665612
# a50_srv2:
7.30000000000
# delta_srv2:
3.80000000000
# log_avg_F:
-4.07804445889
# log_F_devs:
 0.677147476845 -0.229224284107 -0.0933366760526 0.661494124154 0.0556697924481 -0.164547690304 -0.0602709862444 0.140126402046 -1.60058822427 -0.402395555466 -0.219107140596 0.915452951786 1.25838397479 1.40333406706 -0.466385161193 0.656064052141 0.0218388504634 0.0387753661434 0.242410081137 0.00421994045490 -0.0262042712207 0.178228003371 -0.547034924532 -0.0372389230330 0.0872871489298 -0.668136445548 -0.289385738346 -0.548077638659 -0.570551748656 -0.361860722392 -0.183478464853 -0.314178499550 -0.640080933612 -0.214545965385 0.00960110251710 0.0734634194464 0.0931971953744 0.349159869819 0.0613486023460 0.214416535245 0.00296010002865 0.366468242033 0.125583093311
# log_rec_dev:
 -0.125624025605 -0.129691791027 -0.133875037125 -0.138177931969 -0.142600745189 -0.147145876141 -0.151816488847 -0.156713444703 -0.161698173477 -0.166681554092 -0.171838990484 -0.176620259620 -0.180520671185 -0.182975912484 -0.177363164722 -0.172411287051 -0.163462239958 -0.154542094546 -0.143436881509 -0.133181153815 -0.127400321179 -0.117642231077 -0.0968169633090 -0.0615753075470 -0.00645840899868 0.0762794716405 0.184357170629 0.330002122013 0.477609045129 0.595815969030 0.603536027094 0.498193593321 0.378407818163 0.271290688824 0.189514588862 0.136376785714 0.102136801002 0.0793872171404 0.0559075955773 0.0455352062062 0.0716970475522 0.163603104947 0.313219599854 0.283167926039 0.0604731735518 -0.0537769187486 -0.0562358765516 -0.130676909967 -0.159905280772 0.00381405768905 0.996826683641 -0.138954058871 -0.272264653542 -0.0906933373068 0.494047481969 0.535616377279 0.0220227334568 0.0914384398755 -0.0707098046820 -0.299314936278 -0.467935418357 -0.523052514877 -0.459727609428 -0.441974101689 0.785794862893 -0.279569654292 -0.371766093383 -0.212342666499 0.396348128609 0.271303786276 -0.163609943020 0.0618484318232 0.319560991104 -0.294070491204 0.265632880970 0.386269059835 0.277177079985 0.0846735317239 -0.00490306684056 0.148623844912 0.467892998869 -0.114735194541 0.188444715257 0.475338280000 1.07289223065 -0.178545936124 -0.226239226028 0.0466629284054 0.112007034616 0.00109418016312 0.000314687038410
# log_q_srv1:
0.538685247437
# log_q_srv2:
0.163935758993
# cv_cpue:
0.00000000000
# logm:
-3.32549195540
# mF50:
0.0277474446969
# mF40:
0.0399646275333
# mF35:
0.0482069994787
