# Number of parameters = 1  Objective function value = 89.5114  Maximum gradient component = 1.93322e-008
# logSdLam:
 0.0419642
# biom:
 7.24006 8.58200 7.04991
 6.25579 9.42236 7.04991
 5.27151 10.2627 7.04991
 4.28723 11.1031 7.04991
 5.42109 10.8886 5.36846
 6.55494 10.6741 3.68702
 7.68880 10.4596 2.00557
 7.97795 10.2259 2.69600
 8.26711 9.99225 3.38643
 8.55626 9.75857 4.07685
 8.25178 10.1629 4.12190
 7.94730 10.5672 4.16694
 7.64282 10.9715 4.21199
 7.71732 10.5986 4.04419
 7.79182 10.2258 3.87639
 7.86633 9.85300 3.70859
 7.59673 9.61400 3.54080
 7.32713 9.37499 3.37300
 6.63254 9.13599 3.57782
 5.93796 8.89698 3.78264
 7.40737 9.06325 4.26247
 8.87679 9.22952 4.74230
 8.49858 9.40394 4.35178
 8.12037 9.57835 3.96126
 7.35160 9.47494 3.57125
 6.58282 9.37153 3.18125
 6.47444 9.21559 3.56457
 6.36606 9.05965 3.94789
 6.61088 9.30339 4.33120
 6.85569 9.54713 4.71452
 7.67508 9.80811 4.47610
 8.49447 10.0691 4.23768
 7.33797 9.72077 4.15973
 6.18147 9.37244 4.08178
 6.65248 9.22338 4.59712
 7.12349 9.07431 5.11245
 6.03195 9.05108 5.11245
 4.94041 9.02784 5.11245
