#Species name here:
Model_1_goa_re_2019.dat
#SSL Species?
0
#Constant buffer of Dorn?
0
#Number of fisheries?
1
#Number of sexes?
1
#5year_Average_F(endyr-4,endyr_as_estimated_by_ADmodel)
0.0199282
#_Author_F_as_fraction_F_40%
0.4972
#ABC SPR
0.4
#MSY SPR
0.35
#_Spawn_month
6
#_Number_of_ages
50
#_F_ratio(must_sum_to_one_only_one_fishery)
1
#_Natural_Mortality 3 4 5 6 7 8 9 10 11 12 13 14 15 16 17 18 19 20 21 22 23 24 25 26 27 28 29 30 31 32 33 34 35 36 37 38 39 40 41 42 43 44 45 46 47 48 49 50 51 52
 0.0359548 0.0359548 0.0359548 0.0359548 0.0359548 0.0359548 0.0359548 0.0359548 0.0359548 0.0359548 0.0359548 0.0359548 0.0359548 0.0359548 0.0359548 0.0359548 0.0359548 0.0359548 0.0359548 0.0359548 0.0359548 0.0359548 0.0359548 0.0359548 0.0359548 0.0359548 0.0359548 0.0359548 0.0359548 0.0359548 0.0359548 0.0359548 0.0359548 0.0359548 0.0359548 0.0359548 0.0359548 0.0359548 0.0359548 0.0359548 0.0359548 0.0359548 0.0359548 0.0359548 0.0359548 0.0359548 0.0359548 0.0359548 0.0359548 0.0359548
#_Maturity_divided_by_2(projection_program_uses_to_get_female_spawning_biomass_if_divide_by_2 3 4 5 6 7 8 9 10 11 12 13 14 15 16 17 18 19 20 21 22 23 24 25 26 27 28 29 30 31 32 33 34 35 36 37 38 39 40 41 42 43 44 45 46 47 48 49 50 51 52
 0 0 0 0 0.001 0.002 0.004 0.01 0.023 0.045 0.083 0.139 0.215 0.306 0.404 0.501 0.588 0.663 0.724 0.773 0.812 0.843 0.917 0.917 0.917 0.917 0.917 0.917 0.917 0.917 0.917 0.917 0.917 0.917 0.917 0.917 0.917 0.917 0.917 0.917 0.917 0.917 0.917 0.917 0.917 0.917 0.917 0.917 0.917 0.917
#_Wt_at_age_spawners 3 4 5 6 7 8 9 10 11 12 13 14 15 16 17 18 19 20 21 22 23 24 25 26 27 28 29 30 31 32 33 34 35 36 37 38 39 40 41 42 43 44 45 46 47 48 49 50 51 52
 52.5771 98.9903 158.5 228.447 305.962 388.309 473.067 558.204 642.09 723.472 801.431 875.331 944.773 1009.55 1069.59 1124.95 1175.75 1222.2 1264.51 1302.95 1337.77 1369.25 1397.65 1423.22 1446.22 1466.87 1485.39 1501.99 1516.85 1530.15 1542.03 1552.64 1562.12 1570.57 1578.12 1584.84 1590.84 1596.18 1600.94 1605.18 1608.95 1612.31 1615.3 1617.96 1620.33 1622.43 1624.31 1625.98 1627.46 1634.05
#_Wt_at_age_fishery 3 4 5 6 7 8 9 10 11 12 13 14 15 16 17 18 19 20 21 22 23 24 25 26 27 28 29 30 31 32 33 34 35 36 37 38 39 40 41 42 43 44 45 46 47 48 49 50 51 52
 52.5771 98.9903 158.5 228.447 305.962 388.309 473.067 558.204 642.09 723.472 801.431 875.331 944.773 1009.55 1069.59 1124.95 1175.75 1222.2 1264.51 1302.95 1337.77 1369.25 1397.65 1423.22 1446.22 1466.87 1485.39 1501.99 1516.85 1530.15 1542.03 1552.64 1562.12 1570.57 1578.12 1584.84 1590.84 1596.18 1600.94 1605.18 1608.95 1612.31 1615.3 1617.96 1620.33 1622.43 1624.31 1625.98 1627.46 1634.05
#_Selectivity_fishery_scaled_to_max_at_one 3 4 5 6 7 8 9 10 11 12 13 14 15 16 17 18 19 20 21 22 23 24 25 26 27 28 29 30 31 32 33 34 35 36 37 38 39 40 41 42 43 44 45 46 47 48 49 50 51 52
 0.000325853 0.000882774 0.002372 0.00616788 0.014767 0.0306459 0.0530629 0.0721565 0.0758414 0.0722537 0.0752237 0.114846 0.281468 1 1 1 1 1 1 1 1 1 1 1 1 1 1 1 1 1 1 1 1 1 1 1 1 1 1 1 1 1 1 1 1 1 1 1 1 1
#_Numbers_at_age_end_year 3 4 5 6 7 8 9 10 11 12 13 14 15 16 17 18 19 20 21 22 23 24 25 26 27 28 29 30 31 32 33 34 35 36 37 38 39 40 41 42 43 44 45 46 47 48 49 50 51 52
 1.59238 1.53733 1.65696 1.49725 1.09926 1.11188 3.74671 1.98625 1.4361 1.02154 1.76218 1.23345 1.01809 1.0677 1.22103 1.29095 1.08204 0.585454 1.02051 0.747262 0.565494 0.829583 0.895441 0.465281 0.377842 0.394283 1.09099 0.30518 0.2861 0.255788 0.257776 0.289093 0.34497 0.386224 0.340479 0.538721 0.488665 0.257001 0.203016 0.2195 0.640532 0.223793 0.172194 0.162402 0.163043 0.15557 0.166397 0.19905 0.194304 3.76646
#_N_recruitment_years
38
#_Recruitment_start_at_1977_yearclass=1979_for_age_2_recruits 1979 1980 1981 1982 1983 1984 1985 1986 1987 1988 1989 1990 1991 1992 1993 1994 1995 1996 1997 1998 1999 2000 2001 2002 2003 2004 2005 2006 2007 2008 2009 2010 2011 2012 2013 2014 2015 2016
 4.31346 1.38536 1.21246 1.45386 2.60898 2.71972 1.62732 1.7443 1.4832 1.1801 0.996982 0.943518 1.0052 1.0232 3.49282 1.20363 1.09762 1.28733 2.36614 2.08802 1.35162 1.69344 2.19125 1.1863 2.07621 2.34241 2.10032 1.73254 1.58409 1.84695 2.54163 1.41932 1.92198 2.56063 4.65436 1.33158 1.26956 1.66792
#_Spawners per recruitment (starting at 1977)
 18.656 18.2175 18.1237 17.9801 17.5213 17.3158 17.1669 16.9905 16.756 16.786 16.6833 16.5428 15.9541 15.147 14.2832 14.2845 14.0003 13.9445 13.8904 13.7919 13.759 13.7271 13.6327 13.6633 13.618 13.4701 13.4418 13.3631 13.3448 13.335 13.286 13.2235 13.192 13.2145 13.1865 13.1267 13.0671 13.015 12.9396 12.9093
